0	2	1.2255	0.33475	0.12049	0.80	0.01	0.18	0.25	0.01	0.10	0.0002069	6.80
2	5	1.2255	0.33475	0.12049	0.20	0.04	0.18	0.25	0.01	0.07	0.0002069	6.80
5	10	1.2255	0.33475	0.12049	0.00	0.25	0.18	0.25	0.01	0.05	0.0002069	6.80
10	20	1.2255	0.33475	0.12049	0.00	0.30	0.18	0.25	0.01	0.02	0.0002069	6.80
20	30	1.2255	0.33475	0.12049	0.00	0.10	0.18	0.25	0.01	0.00	0.0002069	6.80
30	45	1.2255	0.33475	0.12049	0.00	0.05	0.18	0.25	0.01	0.00	0.0002069	6.80
45	60	1.2255	0.33475	0.12049	0.00	0.04	0.18	0.25	0.01	0.00	0.0002069	6.80
60	75	1.2255	0.33475	0.12049	0.00	0.03	0.18	0.25	0.01	0.00	0.0002069	6.80
75	90	1.1636	0.40286	0.18042	0.00	0.02	0.15	0.38	0.01	0.00	0.0000907	6.80
90	105	1.1160	0.47972	0.24761	0.00	0.01	0.09	0.5	0.01	0.00	0.0000702	6.80
105	120	1.1160	0.47972	0.24761	0.00	0.00	0.09	0.5	0.01	0.00	0.0000702	6.80
120	150	1.1160	0.47972	0.24761	0.00	0.00	0.09	0.5	0.01	0.00	0.0000702	6.80
150	180	1.1160	0.47972	0.24761	0.00	0.00	0.09	0.5	0.01	0.00	0.0000702	6.80
												
