0	2	1.3321	0.31285	0.14175	0.80	0.01	0.18	0.25	0.01	0.11	0.0002069	6.8
2	5	1.3321	0.31285	0.14175	0.20	0.04	0.18	0.25	0.01	0.09	0.0002069	6.8
5	10	1.3321	0.31285	0.14175	0.00	0.25	0.18	0.25	0.01	0.06	0.0002069	6.8
10	20	1.3321	0.31285	0.14175	0.00	0.30	0.18	0.25	0.01	0.03	0.0002069	6.8
20	30	1.3321	0.31285	0.14175	0.00	0.10	0.18	0.25	0.01	0.00	0.0002069	6.8
30	45	1.3321	0.31285	0.14175	0.00	0.05	0.18	0.25	0.01	0.00	0.0002069	6.8
45	60	1.3321	0.31285	0.14175	0.00	0.04	0.18	0.25	0.01	0.00	0.0002069	6.8
60	75	1.2648	0.37651	0.21226	0.00	0.03	0.15	0.38	0.01	0.00	0.0000907	6.8
75	90	1.2648	0.37651	0.21226	0.00	0.02	0.15	0.38	0.01	0.00	0.0000907	6.8
90	105	1.2130	0.44833	0.29131	0.00	0.01	0.09	0.5	0.01	0.00	0.0000702	6.8
105	120	1.2130	0.44833	0.29131	0.00	0.00	0.09	0.5	0.01	0.00	0.0000702	6.8
120	150	1.2130	0.44833	0.29131	0.00	0.00	0.09	0.5	0.01	0.00	0.0000702	6.8
150	180	1.2130	0.44833	0.29131	0.00	0.00	0.09	0.5	0.01	0.00	0.0000702	6.8
												
